Zone1:

x: 1.94789639622
      y: 7.05327463996
      
      
Zone2:

x: 2.84276238302
      y: 9.12342601152


Zone3:

x: 6.3316227806
      y: 0.857146775507
